59: 1 3 4 5 6 7 10 40 45 50 51 62 63 65 71 73 74 81 86 87 96 98 99 248 249 250 252 253 254 255 256 257 258 259 260 261 263 265 266 267 268 269 270 271 272 273 274 276 277 278 280 282 334 456 460 478 479 481 482 
62: 8 9 11 12 13 15 17 18 19 20 21 23 34 35 37 39 41 42 46 47 49 52 53 54 55 56 57 58 59 60 64 66 67 68 69 70 72 75 76 77 78 79 82 83 84 85 90 92 127 128 129 130 140 141 142 145 157 167 215 251 262 264 
84: 0 16 24 26 33 48 80 88 89 91 93 94 101 102 104 107 108 115 117 118 126 131 143 144 146 148 149 150 151 155 162 164 165 171 174 184 185 186 187 188 189 194 195 196 198 199 200 201 202 203 204 205 206 207 217 219 220 222 223 225 226 227 229 230 232 234 235 236 237 238 239 242 243 244 247 285 286 287 288 289 292 297 299 301 
92: 2 14 22 25 27 28 29 30 31 32 36 38 43 44 61 95 97 103 105 106 109 110 111 112 113 114 116 119 120 121 122 123 124 125 132 133 134 135 136 137 138 139 147 152 153 154 156 158 159 160 161 163 166 168 169 170 172 173 175 176 177 178 179 180 181 182 183 190 191 192 193 197 208 209 210 211 212 213 214 216 218 221 224 228 231 233 240 241 279 298 300 399 
48: 100 283 284 290 291 294 295 296 302 303 304 305 312 313 318 319 322 323 324 325 373 376 377 379 382 383 384 385 386 387 388 389 395 400 401 402 403 404 405 425 426 431 433 434 436 444 445 475 
18: 245 275 326 327 328 329 330 331 332 476 480 484 486 487 492 493 494 495 
25: 246 342 343 344 350 351 357 360 361 417 423 464 466 471 474 483 485 488 489 490 491 496 497 498 499 
84: 281 333 335 336 337 338 339 340 341 346 347 348 349 352 353 354 355 356 358 359 362 363 364 365 366 367 368 369 370 371 372 374 375 390 391 392 393 394 396 397 398 406 407 408 409 410 411 412 413 414 415 416 418 419 420 421 422 430 432 435 437 439 440 441 442 443 446 448 449 450 451 457 458 459 461 462 463 465 467 468 469 470 472 477 
22: 293 306 307 308 309 310 311 314 315 316 317 320 321 378 380 381 427 428 429 438 447 452 
6: 345 424 453 454 455 473 
